RLCraft_DecentWitch,-18129,-18129,-3043,-3043
RLCraft_UndergroundRuin3,-18132,-18124,-3049,-3041
MesoMazePath,-18070,-18068,-2942,-2940
MesoMazePath,-18073,-18071,-2942,-2940
MesoMazePath,-18076,-18074,-2942,-2940
MesoMazePath,-18070,-18068,-2945,-2943
MesoMazeStairTurn,-18076,-18071,-2948,-2943
MesoMazePath,-18079,-18077,-2942,-2940
MesoMazePath,-18070,-18068,-2945,-2943
MesoMazePath,-18070,-18068,-2948,-2946
MesoMazePath,-18070,-18068,-2942,-2940
MesoMazeGrowth,-18076,-18071,-2954,-2949
MesoMazePath,-18070,-18068,-2948,-2946
MesoMazePath,-18070,-18068,-2951,-2949
MesoMazePath,-18073,-18071,-2957,-2955
MesoMazePath,-18073,-18071,-2951,-2949
MesoMazePath,-18073,-18071,-2942,-2940
MesoMazePath,-18073,-18071,-2960,-2958
MesoMazePath,-18076,-18074,-2942,-2940
MesoMazePath,-18076,-18074,-2957,-2955
MesoMazePath,-18076,-18074,-2960,-2958
MesoMazePath,-18070,-18068,-2957,-2955
MesoMazePath,-18079,-18077,-2942,-2940
MesoMazePath,-18070,-18068,-2960,-2958
MesoMazePath,-18079,-18077,-2960,-2958
MesoMazePath,-18079,-18077,-2957,-2955
MesoMazePath,-18079,-18077,-2954,-2952
MesoMazeStairTurn,-18054,-18049,-2948,-2943
MesoMazePath,-18054,-18052,-2942,-2940
MesoMazePath,-18048,-18046,-2948,-2946
MesoMazePath,-18051,-18049,-2951,-2949
MesoMazePath,-18048,-18046,-2945,-2943
MesoMazePath,-18048,-18046,-2951,-2949
MesoMazePath,-18051,-18049,-2951,-2949
MesoMazeZombieTable,-18048,-18043,-2954,-2949
MesoMazeSpiderTurn,-18054,-18049,-2957,-2952
MesoMazePath,-18051,-18049,-2942,-2940
MesoMazePath,-18045,-18043,-2948,-2946
MesoMazePath,-18054,-18052,-2951,-2949
MesoMazePath,-18045,-18043,-2945,-2943
MesoMazePath,-18048,-18046,-2942,-2940
MesoMazePath,-18045,-18043,-2951,-2949
MesoMazePath,-18045,-18043,-2942,-2940
MesoMazePath,-18048,-18046,-2957,-2955
MesoMazePath,-18048,-18046,-2960,-2958
MesoMazePath,-18045,-18043,-2960,-2958
SnakeTemple,-18084,-18038,-2965,-2935
P_MayanTemple3,-17988,-17935,-2963,-2919
MesoMazeCorridorCollapse,-18424,-18419,-2993,-2991
MesoMazeSpiderTurn,-18430,-18425,-2996,-2991
MesoMazeSpiderTurn,-18418,-18413,-2996,-2991
MesoMazePath,-18427,-18425,-2990,-2988
MesoMazePath,-18415,-18413,-2999,-2997
MesoMazePath,-18418,-18416,-2999,-2997
MesoMazePath,-18427,-18425,-2993,-2991
MesoMazePath,-18424,-18422,-2990,-2988
MesoMazePath,-18430,-18428,-2990,-2988
MesoMazePath,-18421,-18419,-2990,-2988
MesoMazePath,-18430,-18428,-2990,-2988
MesoMazePath,-18421,-18419,-2996,-2994
MesoMazePath,-18430,-18428,-2993,-2991
MesoMazePath,-18418,-18416,-2990,-2988
MesoMazePath,-18421,-18419,-2999,-2997
MesoMazePath,-18427,-18425,-2990,-2988
MesoMazePath,-18424,-18422,-2996,-2994
MesoMazePath,-18427,-18425,-2996,-2994
MesoMazePath,-18412,-18410,-2999,-2997
MesoMazeStairCorridor,-18427,-18422,-2999,-2997
MesoMazePath,-18415,-18413,-2990,-2988
MesoMazePath,-18424,-18422,-2996,-2994
MesoMazePath,-18421,-18419,-2996,-2994
MesoMazePath,-18412,-18410,-2990,-2988
MesoMazePath,-18412,-18410,-2996,-2994
MesoMazePath,-18412,-18410,-2993,-2991
MesoMazePath,-18430,-18428,-2996,-2994
MesoMazePath,-18421,-18419,-2999,-2997
MesoMazePath,-18430,-18428,-2999,-2997
MesoMazePath,-18430,-18428,-2974,-2972
MesoMazePath,-18430,-18428,-2971,-2969
MesoMazeGrowth,-18427,-18422,-2974,-2969
MesoMazeStairTurn,-18427,-18422,-2968,-2963
MesoMazeGrowth,-18427,-18422,-2974,-2969
MesoMazePath,-18430,-18428,-2965,-2963
MesoMazePath,-18421,-18419,-2971,-2969
MesoMazePath,-18430,-18428,-2968,-2966
MesoMazePath,-18421,-18419,-2968,-2966
MesoMazePath,-18421,-18419,-2965,-2963
MesoMazePath,-18430,-18428,-2971,-2969
MesoMazePath,-18430,-18428,-2974,-2972
SnakeTemple,-18435,-18405,-3004,-2958
