StoneMazePathBig,2845,2853,2106,2114
StoneMazePathBig,2854,2862,2097,2105
StoneMazePath,2857,2859,2094,2096
StoneMazePathBig,2842,2850,2079,2087
StoneMazePathBig,2845,2853,2097,2105
StoneMazePathBig,2833,2841,2079,2087
StoneMazePath,2851,2853,2082,2084
StoneMazePath,2842,2844,2100,2102
StoneMazePath,2848,2850,2094,2096
StoneMazePath,2848,2850,2091,2093
StoneMazePathBig,2827,2835,2094,2102
StoneMazePath,2854,2856,2082,2084
StoneMazePath,2854,2856,2079,2081
StoneMazePath,2857,2859,2079,2081
StoneMazePath,2851,2853,2091,2093
StoneMazePath,2851,2853,2088,2090
StoneMazePath,2830,2832,2082,2084
StoneMazePath,2830,2832,2091,2093
StoneMazePath,2860,2862,2079,2081
StoneMazePath,2827,2829,2091,2093
StoneMazePath,2827,2829,2088,2090
StoneMazePath,2854,2856,2094,2096
StoneMazePath,2845,2847,2091,2093
StoneMazeEndChest,2854,2856,2085,2087
StoneMazeEndChest,2848,2850,2088,2090
StoneMazePath,2854,2856,2091,2093
StoneMazePath,2830,2832,2088,2090
StoneMazePath,2854,2856,2088,2090
StoneMazePath,2830,2832,2085,2087
StoneMazeEndChest,2827,2829,2082,2084
StoneMazePath,2845,2847,2094,2096
StoneMazePath,2857,2859,2091,2093
StoneMazePath,2842,2844,2091,2093
StoneMazePath,2827,2829,2085,2087
StoneMazeSpiderRoom,2839,2844,2094,2099
StoneMazeEndChest,2860,2862,2094,2096
StoneMazePath,2839,2841,2091,2093
StoneMazeEndChest,2860,2862,2082,2084
StoneMazeEndChest,2851,2853,2085,2087
StoneMazeEndChest,2857,2859,2088,2090
StoneMazeEndChest,2857,2859,2082,2084
StoneMazePath,2836,2838,2091,2093
StoneMazePath,2836,2838,2094,2096
StoneMazeEndChest,2830,2832,2079,2081
StoneMazePath,2851,2853,2094,2096
StoneMazeEndChest,2860,2862,2091,2093
StoneMazePath,2833,2835,2088,2090
StoneMazePath,2833,2835,2091,2093
StoneMazeEndChest,2836,2838,2088,2090
StoneMaze,2827,2862,2079,2114
